Validation Results:
- f1.score: 1.000000
- latency_p95.p95: 0.000054
- pii.leak_rate: 0.000000